$ 4 0.000005 10.20027730826997 50 5 43 5e-11
r 304 112 304 208 0 1000
r 304 208 304 304 0 2000
g 304 304 304 336 0 0
w 304 112 224 112 0
w 304 208 368 208 0
R 224 112 160 112 0 0 40 3 0 0 0.5
p 368 80 432 80 1 0 0
r 432 208 432 304 0 2000
g 432 304 432 336 0 0
w 368 208 368 160 0
a 512 144 608 144 8 15 -15 1000000 0 0 100000
w 464 160 512 160 0
w 512 128 512 80 0
w 512 80 608 80 0
w 608 80 608 144 0
w 608 144 624 160 0
p 624 160 704 160 1 0 0
s 368 208 432 208 0 1 false
r 624 160 624 256 0 2000
g 624 256 624 288 0 0
s 368 160 464 160 0 1 false
w 368 160 368 80 0
