$ 1 0.000005 38.696464541249114 50 5 50 5e-11
R 480 304 432 304 0 1 40 1.8 0 0 0.5
d 576 256 624 304 2 default
d 528 304 576 352 2 default
w 480 304 480 224 0
w 480 224 576 224 0
w 576 224 576 256 0
w 624 304 688 304 0
r 688 320 688 384 0 1000
w 688 304 688 320 0
d 528 304 576 256 2 default
d 576 352 624 304 2 default
w 528 304 528 384 0
w 528 384 688 384 0
w 576 352 576 368 0
w 576 368 480 368 0
g 480 368 432 368 0 0
p 736 304 736 384 1 0 0
w 688 304 736 304 0
w 688 384 736 384 0
o 0 32 0 12290 1.8 0.0001 0 2 16 0
