$ 1 0.000005 2.1831051418620846 50 5 50 5e-11
g 672 464 672 496 0 0
w 672 352 672 384 0
R 672 352 672 304 0 3 1000 5 5 0 0.5
w 608 400 640 400 0
w 672 416 672 464 0
32 \0 0 1e-13 0 0 1.5 0 0 2 1 1 0.03333333333333333 0.03333333333333333 1
t 640 400 672 400 0 1 -8.204020758159555 0.6239792483042557 100 \0
g 480 400 448 400 0 0
s 608 400 560 400 0 1 false
s 608 480 560 480 0 0 false
s 608 320 560 320 0 1 false
w 480 320 480 400 0
w 480 400 480 480 0
w 608 480 608 400 0
w 608 320 608 400 0
w 528 320 560 320 0
w 528 400 560 400 0
w 528 480 560 480 0
i 480 320 528 320 0 0.000009999999999999999
i 480 400 528 400 0 0.000019999999999999998
i 480 480 528 480 0 0.000029999999999999997
o 1 1 0 4099 10 0.00625 0 2 1 3
o 3 2 0 4099 1.25 0.00009765625 1 2 3 3
38 19 0 1 1000 Current
